 33 14 1 
6
ZA654D 1.5 25 0  33 14 1  0 0 0 0   0   SD458E 2 36 0  33 14 1  0 0 0 0   0   ER958D 1.8 42 0  33 14 1  0 0 0 1  ZA  0   GF458D 1.2 45 0  33 14 1  0 0 0 0   0   RT487D 1.3 54 0  33 14 1  0 0 0 0   0   KJ458P 2.1 63 0  33 14 1  0 0 0 0   0   
25 ZA 0 0 0 0 0
0
BA 0 0 0 0 0
0
MA 0 0 0 0 0
0
TT 0 0 0 0 0
0
KN 0 0 0 0 0
0
NR 0 0 0 0 0
0
TN 0 0 0 0 0
0
LV 0 0 0 0 0
0
PD 0 0 0 0 0
0
CA 0 0 0 0 0
0
MT 0 0 0 0 0
0
BB 0 0 0 0 0
0
ZV 0 0 0 0 0
0
KA 0 0 0 0 0
0
LC 0 0 0 0 0
0
LM 0 0 0 0 0
0
NO 0 0 0 0 0
0
PP 0 0 0 0 0
0
RA 0 0 0 0 0
0
SN 0 0 0 0 0
0
SL 0 0 0 0 0
0
PO 0 0 0 0 0
0
KE 0 0 0 0 0
0
HE 0 0 0 0 0
0
MI 0 0 0 0 0
0
1
 5.000000 BA KE 3.000000 4.000000 100 1  33 14 1  